Линейная аппроксимация: 3.01*x+-1.474, среднеквадратичное отклонение: 0.16414979999999996
x_i: [0.5, 0.6, 0.8, 1.0, 1.5, 2.0, 3.0, 4.0, 5.0, 6.0]
y_i: [0.5, 0.7, 1.0, 1.5, 3.0, 4.0, 7.0, 10.0, 14.0, 17.0]
fi(x_i): [0.031, 0.332, 0.934, 1.536, 3.041, 4.546, 7.556, 10.566, 13.576, 16.586]
epsi_i: [0.469, 0.368, 0.066, -0.036, -0.041, -0.546, -0.556, -0.566, 0.424, 0.414]


Квадратичная аппроксимация: 0.135*x**2+2.179*x+-0.726, среднеквадратичное отклонение: 0.03615335849999985
x_i: [0.5, 0.6, 0.8, 1.0, 1.5, 2.0, 3.0, 4.0, 5.0, 6.0]
y_i: [0.5, 0.7, 1.0, 1.5, 3.0, 4.0, 7.0, 10.0, 14.0, 17.0]
fi(x_i): [0.3972, 0.63, 1.1036, 1.588, 2.8462, 4.172, 7.026, 10.15, 13.544, 17.208]
epsi_i: [0.1028, 0.07, -0.1036, -0.088, 0.1538, -0.172, -0.026, -0.15, 0.456, -0.208]


Кубическая аппроксимация: -0.025*x**3+0.371*x**2+1.574*x+-0.379, среднеквадратичное отклонение: 0.028053168045000083
x_i: [0.5, 0.6, 0.8, 1.0, 1.5, 2.0, 3.0, 4.0, 5.0, 6.0]
y_i: [0.5, 0.7, 1.0, 1.5, 3.0, 4.0, 7.0, 10.0, 14.0, 17.0]
fi(x_i): [0.4976, 0.6936, 1.1048, 1.541, 2.7324, 4.053, 7.007, 10.253, 13.641, 17.021]
epsi_i: [0.0024, 0.0064, -0.1048, -0.041, 0.2676, -0.053, -0.007, -0.253, 0.359, -0.021]


Экспоненциальная аппроксимация: 0.719*exp(0.609153*x), среднеквадратичное отклонение: 13.176061828052335
x_i: [0.5, 0.6, 0.8, 1.0, 1.5, 2.0, 3.0, 4.0, 5.0, 6.0]
y_i: [0.5, 0.7, 1.0, 1.5, 3.0, 4.0, 7.0, 10.0, 14.0, 17.0]
fi(x_i): [0.975, 1.0362, 1.1705, 1.3221, 1.7929, 2.4313, 4.4708, 8.2212, 15.1178, 27.7997]
epsi_i: [-0.475, -0.3362, -0.1705, 0.1779, 1.2071, 1.5687, 2.5292, 1.7788, -1.1178, -10.7997]


Логарифмическая аппроксимация: 2.434+6.182*log(x), среднеквадратичное отклонение: 4.033927589755658
x_i: [0.5, 0.6, 0.8, 1.0, 1.5, 2.0, 3.0, 4.0, 5.0, 6.0]
y_i: [0.5, 0.7, 1.0, 1.5, 3.0, 4.0, 7.0, 10.0, 14.0, 17.0]
fi(x_i): [-1.851, -0.7239, 1.0545, 2.434, 4.9406, 6.719, 9.2256, 11.0041, 12.3835, 13.5107]
epsi_i: [2.351, 1.4239, -0.0545, -0.934, -1.9406, -2.719, -2.2256, -1.0041, 1.6165, 3.4893]


Степенная аппроксимация: 1.447*x**1.415, среднеквадратичное отклонение: 0.19257838231898022
x_i: [0.5, 0.6, 0.8, 1.0, 1.5, 2.0, 3.0, 4.0, 5.0, 6.0]
y_i: [0.5, 0.7, 1.0, 1.5, 3.0, 4.0, 7.0, 10.0, 14.0, 17.0]
fi(x_i): [0.5426, 0.7023, 1.0552, 1.447, 2.5683, 3.8586, 6.8485, 10.2892, 14.1095, 18.2622]
epsi_i: [-0.0426, -0.0023, -0.0552, 0.053, 0.4317, 0.1414, 0.1515, -0.2892, -0.1095, -1.2622]


Наилучшая аппроксимация: -0.025*x**3+0.371*x**2+1.574*x+-0.379
Коэффициент корреляции Пирсона для лиенйной зависимости: 0.997419112759726
Коэффициент детерминации: 0.9991189912711473
